384
256
-3.588538 -2.559743 0.000000 -0.000000 0.000000 -1.000000
-3.570580 14.421802 0.000000 -0.000000 0.000000 -1.000000
-1.588538 -2.559743 0.000000 -0.000000 0.000000 -1.000000
-1.606496 14.421802 0.000000 0.000000 0.000000 -1.000000
-3.588191 30.524601 0.000000 -0.000000 -0.000000 -1.000000
-1.540120 30.524601 0.000000 0.000000 0.000000 -1.000000
-0.976386 33.347851 0.000000 -0.000000 0.000000 -1.000000
-1.101249 30.768421 0.000000 0.000000 0.000000 -1.000000
-0.711142 30.524601 0.000000 0.000000 0.000000 -1.000000
0.787755 31.720020 0.000000 0.000000 0.000000 -1.000000
-2.028216 33.310032 0.000000 0.000000 0.000000 -1.000000
-3.149320 32.475143 0.000000 0.000000 0.000000 -1.000000
0.027642 32.740139 0.000000 0.000000 0.000000 -1.000000
5.394050 20.869423 0.000000 0.000000 0.000000 -1.000000
7.808435 20.707390 0.000000 0.000000 0.000000 -1.000000
5.295118 20.474525 0.000000 0.000000 -0.000000 -1.000000
6.797552 19.184391 0.000000 0.000000 0.000000 -1.000000
4.935841 20.278557 0.000000 0.000000 -0.000000 -1.000000
1.669680 19.608994 0.000000 0.000000 -0.000000 -1.000000
2.584204 18.139221 0.000000 0.000000 0.000000 -1.000000
7.728410 19.772301 0.000000 0.000000 0.000000 -1.000000
0.903437 18.794418 0.000000 0.000000 -0.000000 -1.000000
0.790559 17.637413 0.000000 0.000000 -0.000000 -1.000000
1.129195 16.508629 0.000000 0.000000 0.000000 -1.000000
2.483737 17.185898 0.000000 0.000000 0.000000 -1.000000
4.318015 11.429095 0.000000 0.000000 0.000000 -1.000000
11.108582 4.010005 0.000000 0.000000 0.000000 -1.000000
-3.821883 -3.027415 0.000000 0.000000 -0.000000 -1.000000
-2.489289 -4.438397 0.000000 0.000000 0.000000 -1.000000
-4.233419 -3.203788 0.000000 0.000000 -0.000000 -1.000000
-10.328079 -4.281622 0.000000 0.000000 -0.000000 -1.000000
-10.014527 -6.064946 0.000000 0.000000 0.000000 -1.000000
-1.666215 -3.223385 0.000000 0.000000 0.000000 -1.000000
-1.940573 -3.928876 0.000000 0.000000 0.000000 -1.000000
-10.771211 -6.582494 0.000000 0.000000 -0.000000 -1.000000
-12.229226 -5.571290 0.000000 0.000000 -0.000000 -1.000000
-11.076923 -7.546666 0.000000 0.000000 0.000000 -1.000000
-12.746586 -7.146888 0.000000 0.000000 -0.000000 -1.000000
-10.959341 -8.510838 0.000000 0.000000 0.000000 -1.000000
-12.629004 -8.887099 0.000000 0.000000 0.000000 -1.000000
-10.418465 -9.169296 0.000000 0.000000 0.000000 -1.000000
-11.852963 -10.109950 0.000000 0.000000 0.000000 -1.000000
-9.760005 -9.522042 0.000000 0.000000 0.000000 -1.000000
-10.559562 -10.862475 0.000000 0.000000 0.000000 -1.000000
-8.701769 -9.663140 0.000000 0.000000 0.000000 -1.000000
-8.560671 -11.191705 0.000000 0.000000 0.000000 -1.000000
5.315538 -6.638933 0.000000 -0.000000 0.000000 -1.000000
6.284413 -4.672963 0.000000 -0.000000 -0.000000 -1.000000
6.058656 -2.076755 0.000000 -0.000000 -0.000000 -1.000000
7.836493 -3.713494 0.000000 -0.000000 -0.000000 -1.000000
7.751834 -6.083945 0.000000 -0.000000 0.000000 -1.000000
6.086874 -5.942847 0.000000 0.000000 0.000000 -1.000000
5.621252 -8.002883 0.000000 0.000000 0.000000 -1.000000
9.012938 3.790677 0.000000 0.000000 0.000000 -1.000000
7.723615 -1.766337 0.000000 -0.000000 0.000000 -1.000000
6.397291 0.011500 0.000000 -0.000000 0.000000 -1.000000
8.400886 -0.298915 0.000000 0.000000 0.000000 -1.000000
7.497858 1.591801 0.000000 -0.000000 0.000000 -1.000000
8.639970 2.436954 0.000000 -0.000000 0.000000 -1.000000
10.083743 1.107495 0.000000 0.000000 0.000000 -1.000000
9.097363 3.134998 0.000000 -0.000000 0.000000 -1.000000
10.986774 1.927432 0.000000 0.000000 0.000000 -1.000000
11.295753 3.014673 0.000000 0.000000 0.000000 -1.000000
7.110036 -7.162765 0.000000 0.000000 0.000000 -1.000000
-3.588538 -2.559743 0.100000 0.000000 0.000000 1.000000
-1.588538 -2.559743 0.100000 0.000000 0.000000 1.000000
-3.570580 14.421802 0.100000 0.000000 0.000000 1.000000
-1.606496 14.421802 0.100000 0.000000 0.000000 1.000000
-3.588191 30.524601 0.100000 0.000000 0.000000 1.000000
-1.540120 30.524601 0.100000 0.000000 0.000000 1.000000
-0.976386 33.347851 0.100000 0.000000 0.000000 1.000000
-1.101249 30.768421 0.100000 0.000000 -0.000000 1.000000
-0.711142 30.524601 0.100000 0.000000 -0.000000 1.000000
0.787755 31.720020 0.100000 0.000000 0.000000 1.000000
-2.028216 33.310032 0.100000 -0.000000 0.000000 1.000000
-3.149320 32.475143 0.100000 -0.000000 0.000000 1.000000
0.027642 32.740139 0.100000 0.000000 0.000000 1.000000
5.394050 20.869423 0.100000 0.000000 -0.000000 1.000000
7.808435 20.707390 0.100000 0.000000 0.000000 1.000000
5.295118 20.474525 0.100000 -0.000000 0.000000 1.000000
6.797552 19.184391 0.100000 0.000000 -0.000000 1.000000
4.935841 20.278557 0.100000 -0.000000 0.000000 1.000000
1.669680 19.608994 0.100000 -0.000000 0.000000 1.000000
2.584204 18.139221 0.100000 -0.000000 -0.000000 1.000000
7.728410 19.772301 0.100000 0.000000 -0.000000 1.000000
0.903437 18.794418 0.100000 -0.000000 0.000000 1.000000
0.790559 17.637413 0.100000 -0.000000 0.000000 1.000000
1.129195 16.508629 0.100000 0.000000 -0.000000 1.000000
2.483737 17.185898 0.100000 0.000000 -0.000000 1.000000
4.318015 11.429095 0.100000 0.000000 -0.000000 1.000000
11.108582 4.010005 0.100000 0.000000 0.000000 1.000000
-3.821883 -3.027415 0.100000 0.000000 0.000000 1.000000
-2.489289 -4.438397 0.100000 0.000000 -0.000000 1.000000
-4.233419 -3.203788 0.100000 -0.000000 0.000000 1.000000
-10.328079 -4.281622 0.100000 -0.000000 0.000000 1.000000
-10.014527 -6.064946 0.100000 -0.000000 -0.000000 1.000000
-1.666215 -3.223385 0.100000 0.000000 -0.000000 1.000000
-1.940573 -3.928876 0.100000 0.000000 -0.000000 1.000000
-10.771211 -6.582494 0.100000 -0.000000 0.000000 1.000000
-12.229226 -5.571290 0.100000 -0.000000 0.000000 1.000000
-11.076923 -7.546666 0.100000 -0.000000 -0.000000 1.000000
-12.746586 -7.146888 0.100000 -0.000000 0.000000 1.000000
-10.959341 -8.510838 0.100000 -0.000000 -0.000000 1.000000
-12.629004 -8.887099 0.100000 -0.000000 -0.000000 1.000000
-10.418465 -9.169296 0.100000 0.000000 -0.000000 1.000000
-11.852963 -10.109950 0.100000 -0.000000 -0.000000 1.000000
-9.760005 -9.522042 0.100000 0.000000 -0.000000 1.000000
-10.559562 -10.862475 0.100000 0.000000 -0.000000 1.000000
-8.701769 -9.663140 0.100000 0.000000 -0.000000 1.000000
-8.560671 -11.191705 0.100000 0.000000 -0.000000 1.000000
5.315538 -6.638933 0.100000 0.000000 0.000000 1.000000
6.284413 -4.672963 0.100000 0.000000 0.000000 1.000000
7.836493 -3.713494 0.100000 0.000000 0.000000 1.000000
6.058656 -2.076755 0.100000 0.000000 0.000000 1.000000
7.751834 -6.083945 0.100000 0.000000 0.000000 1.000000
6.086874 -5.942847 0.100000 0.000000 -0.000000 1.000000
5.621252 -8.002883 0.100000 0.000000 -0.000000 1.000000
9.012938 3.790677 0.100000 -0.000000 -0.000000 1.000000
7.723615 -1.766337 0.100000 0.000000 0.000000 1.000000
6.397291 0.011500 0.100000 0.000000 0.000000 1.000000
8.400886 -0.298915 0.100000 0.000000 0.000000 1.000000
7.497858 1.591801 0.100000 0.000000 0.000000 1.000000
8.639970 2.436954 0.100000 0.000000 0.000000 1.000000
10.083743 1.107495 0.100000 0.000000 -0.000000 1.000000
9.097363 3.134998 0.100000 0.000000 0.000000 1.000000
10.986774 1.927432 0.100000 0.000000 0.000000 1.000000
11.295753 3.014673 0.100000 0.000000 0.000000 1.000000
7.110036 -7.162765 0.100000 0.000000 -0.000000 1.000000
1.669680 19.608994 0.000000 -0.728386 0.685167 0.000000
0.903437 18.794418 0.000000 -0.728386 0.685167 0.000000
0.903437 18.794418 0.100000 -0.728386 0.685167 0.000000
1.669680 19.608994 0.100000 -0.728386 0.685167 0.000000
-1.101249 30.768421 0.000000 -0.530004 -0.847995 -0.000000
-0.711142 30.524601 0.000000 -0.530004 -0.847995 -0.000000
-0.711142 30.524601 0.100000 -0.530004 -0.847995 -0.000000
-1.101249 30.768421 0.100000 -0.530004 -0.847995 0.000000
7.751834 -6.083945 0.000000 0.999363 -0.035691 0.000000
7.836493 -3.713494 0.000000 0.999363 -0.035691 0.000000
7.836493 -3.713494 0.100000 0.999363 -0.035691 0.000000
7.751834 -6.083945 0.100000 0.999363 -0.035691 0.000000
10.083743 1.107495 0.000000 0.672224 -0.740348 0.000000
10.986774 1.927432 0.000000 0.672224 -0.740348 0.000000
10.986774 1.927432 0.100000 0.672224 -0.740348 0.000000
10.083743 1.107495 0.100000 0.672224 -0.740348 0.000000
-10.328079 -4.281622 0.000000 -0.561383 0.827556 0.000000
-12.229226 -5.571290 0.000000 -0.561383 0.827556 0.000000
-12.229226 -5.571290 0.100000 -0.561383 0.827556 0.000000
-10.328079 -4.281622 0.100000 -0.561383 0.827556 0.000000
0.903437 18.794418 0.000000 -0.995275 0.097100 0.000000
0.790559 17.637413 0.000000 -0.995275 0.097100 0.000000
0.790559 17.637413 0.100000 -0.995275 0.097100 0.000000
0.903437 18.794418 0.100000 -0.995275 0.097100 0.000000
-11.076923 -7.546666 0.000000 0.953231 -0.302243 0.000000
-10.771211 -6.582494 0.000000 0.953231 -0.302243 0.000000
-10.771211 -6.582494 0.100000 0.953231 -0.302243 0.000000
-11.076923 -7.546666 0.100000 0.953231 -0.302243 0.000000
10.986774 1.927432 0.000000 0.961911 -0.273361 0.000000
11.295753 3.014673 0.000000 0.961911 -0.273361 0.000000
11.295753 3.014673 0.100000 0.961911 -0.273361 0.000000
10.986774 1.927432 0.100000 0.961911 -0.273361 0.000000
6.284413 -4.672963 0.000000 -0.988116 0.153708 0.000000
6.086874 -5.942847 0.000000 -0.988116 0.153708 0.000000
6.086874 -5.942847 0.100000 -0.988116 0.153708 0.000000
6.284413 -4.672963 0.100000 -0.988116 0.153708 0.000000
0.790559 17.637413 0.000000 -0.957826 -0.287348 -0.000000
1.129195 16.508629 0.000000 -0.957826 -0.287348 -0.000000
1.129195 16.508629 0.100000 -0.957826 -0.287348 -0.000000
0.790559 17.637413 0.100000 -0.957826 -0.287348 0.000000
-0.976386 33.347851 0.000000 -0.035932 0.999354 0.000000
-2.028216 33.310032 0.000000 -0.035932 0.999354 0.000000
-2.028216 33.310032 0.100000 -0.035932 0.999354 0.000000
-0.976386 33.347851 0.100000 -0.035932 0.999354 0.000000
11.295753 3.014673 0.000000 0.982774 0.184810 0.000000
11.108582 4.010005 0.000000 0.982774 0.184810 0.000000
11.108582 4.010005 0.100000 0.982774 0.184810 0.000000
11.295753 3.014673 0.100000 0.982774 0.184810 0.000000
2.483737 17.185898 0.000000 0.994493 -0.104805 0.000000
2.584204 18.139221 0.000000 0.994493 -0.104805 0.000000
2.584204 18.139221 0.100000 0.994493 -0.104805 0.000000
2.483737 17.185898 0.100000 0.994493 -0.104805 0.000000
-3.149320 32.475143 0.000000 -0.975610 0.219512 0.000000
-3.588191 30.524601 0.000000 -0.975610 0.219512 0.000000
-3.588191 30.524601 0.100000 -0.975610 0.219512 0.000000
-3.149320 32.475143 0.100000 -0.975610 0.219512 0.000000
-12.229226 -5.571290 0.000000 -0.950092 0.311970 0.000000
-12.746586 -7.146888 0.000000 -0.950092 0.311970 0.000000
-12.746586 -7.146888 0.100000 -0.950092 0.311970 0.000000
-12.229226 -5.571290 0.100000 -0.950092 0.311970 0.000000
-2.028216 33.310032 0.000000 -0.597277 0.802035 0.000000
-3.149320 32.475143 0.000000 -0.597277 0.802035 0.000000
-3.149320 32.475143 0.100000 -0.597277 0.802035 0.000000
-2.028216 33.310032 0.100000 -0.597277 0.802035 0.000000
9.012938 3.790677 0.000000 -0.991812 -0.127704 -0.000000
9.097363 3.134998 0.000000 -0.991812 -0.127704 -0.000000
9.097363 3.134998 0.100000 -0.991812 -0.127704 -0.000000
9.012938 3.790677 0.100000 -0.991812 -0.127704 0.000000
4.318015 11.429095 0.000000 -0.851939 -0.523641 -0.000000
9.012938 3.790677 0.000000 -0.851939 -0.523641 -0.000000
9.012938 3.790677 0.100000 -0.851939 -0.523641 -0.000000
4.318015 11.429095 0.100000 -0.851939 -0.523641 0.000000
-10.959341 -8.510838 0.000000 0.992646 0.121055 0.000000
-11.076923 -7.546666 0.000000 0.992646 0.121055 0.000000
-11.076923 -7.546666 0.100000 0.992646 0.121055 0.000000
-10.959341 -8.510838 0.100000 0.992646 0.121055 0.000000
0.787755 31.720020 0.000000 0.801874 0.597494 0.000000
0.027642 32.740139 0.000000 0.801874 0.597494 0.000000
0.027642 32.740139 0.100000 0.801874 0.597494 0.000000
0.787755 31.720020 0.100000 0.801874 0.597494 0.000000
7.110036 -7.162765 0.000000 0.859418 -0.511274 0.000000
7.751834 -6.083945 0.000000 0.859418 -0.511274 0.000000
7.751834 -6.083945 0.100000 0.859418 -0.511274 0.000000
7.110036 -7.162765 0.100000 0.859418 -0.511274 0.000000
6.086874 -5.942847 0.000000 -0.669966 0.742392 0.000000
5.315538 -6.638933 0.000000 -0.669966 0.742392 0.000000
5.315538 -6.638933 0.100000 -0.669966 0.742392 0.000000
6.086874 -5.942847 0.100000 -0.669966 0.742392 0.000000
1.129195 16.508629 0.000000 -0.846939 -0.531690 -0.000000
4.318015 11.429095 0.000000 -0.846939 -0.531690 -0.000000
4.318015 11.429095 0.100000 -0.846939 -0.531690 -0.000000
1.129195 16.508629 0.100000 -0.846939 -0.531690 0.000000
0.027642 32.740139 0.000000 0.517809 0.855496 0.000000
-0.976386 33.347851 0.000000 0.517809 0.855496 0.000000
-0.976386 33.347851 0.100000 0.517809 0.855496 0.000000
0.027642 32.740139 0.100000 0.517809 0.855496 0.000000
5.621252 -8.002883 0.000000 0.491451 -0.870906 0.000000
7.110036 -7.162765 0.000000 0.491451 -0.870906 0.000000
7.110036 -7.162765 0.100000 0.491451 -0.870906 0.000000
5.621252 -8.002883 0.100000 0.491451 -0.870906 0.000000
11.108582 4.010005 0.000000 0.836683 0.547687 0.000000
2.483737 17.185898 0.000000 0.836683 0.547687 0.000000
2.483737 17.185898 0.100000 0.836683 0.547687 0.000000
11.108582 4.010005 0.100000 0.836683 0.547687 0.000000
-12.746586 -7.146888 0.000000 -0.997725 -0.067414 -0.000000
-12.629004 -8.887099 0.000000 -0.997725 -0.067414 -0.000000
-12.629004 -8.887099 0.100000 -0.997725 -0.067414 -0.000000
-12.746586 -7.146888 0.100000 -0.997725 -0.067414 0.000000
-0.711142 30.524601 0.000000 -0.845205 -0.534443 -0.000000
5.394050 20.869423 0.000000 -0.845205 -0.534443 -0.000000
5.394050 20.869423 0.100000 -0.845205 -0.534443 -0.000000
-0.711142 30.524601 0.100000 -0.845205 -0.534443 0.000000
-8.560671 -11.191705 0.000000 0.219374 -0.975641 0.000000
5.621252 -8.002883 0.000000 0.219374 -0.975641 0.000000
5.621252 -8.002883 0.100000 0.219374 -0.975641 0.000000
-8.560671 -11.191705 0.100000 0.219374 -0.975641 0.000000
-10.418465 -9.169296 0.000000 0.772726 0.634739 0.000000
-10.959341 -8.510838 0.000000 0.772726 0.634739 0.000000
-10.959341 -8.510838 0.100000 0.772726 0.634739 0.000000
-10.418465 -9.169296 0.100000 0.772726 0.634739 0.000000
7.808435 20.707390 0.000000 0.843223 0.537564 0.000000
0.787755 31.720020 0.000000 0.843223 0.537564 0.000000
0.787755 31.720020 0.100000 0.843223 0.537564 0.000000
7.808435 20.707390 0.100000 0.843223 0.537564 0.000000
-3.570580 14.421802 0.000000 -0.999999 0.001057 0.000000
-3.588538 -2.559743 0.000000 -0.999999 0.001057 0.000000
-3.588538 -2.559743 0.100000 -0.999999 0.001057 0.000000
-3.570580 14.421802 0.100000 -0.999999 0.001057 0.000000
7.836493 -3.713494 0.000000 0.998324 0.057873 0.000000
7.723615 -1.766337 0.000000 0.998324 0.057873 0.000000
7.723615 -1.766337 0.100000 0.998324 0.057873 0.000000
7.836493 -3.713494 0.100000 0.998324 0.057873 0.000000
-12.629004 -8.887099 0.000000 -0.844329 -0.535825 -0.000000
-11.852963 -10.109950 0.000000 -0.844329 -0.535825 -0.000000
-11.852963 -10.109950 0.100000 -0.844329 -0.535825 -0.000000
-12.629004 -8.887099 0.100000 -0.844329 -0.535825 0.000000
-3.588538 -2.559743 0.000000 -0.894803 0.446461 0.000000
-3.821883 -3.027415 0.000000 -0.894803 0.446461 0.000000
-3.821883 -3.027415 0.100000 -0.894803 0.446461 0.000000
-3.588538 -2.559743 0.100000 -0.894803 0.446461 0.000000
5.394050 20.869423 0.000000 -0.970023 0.243014 0.000000
5.295118 20.474525 0.000000 -0.970023 0.243014 0.000000
5.295118 20.474525 0.100000 -0.970023 0.243014 0.000000
5.394050 20.869423 0.100000 -0.970023 0.243014 0.000000
6.397291 0.011500 0.000000 -0.987106 0.160071 0.000000
6.058656 -2.076755 0.000000 -0.987106 0.160071 0.000000
6.058656 -2.076755 0.100000 -0.987106 0.160071 0.000000
6.397291 0.011500 0.100000 -0.987106 0.160071 0.000000
-9.760005 -9.522042 0.000000 0.472221 0.881480 0.000000
-10.418465 -9.169296 0.000000 0.472221 0.881480 0.000000
-10.418465 -9.169296 0.100000 0.472221 0.881480 0.000000
-9.760005 -9.522042 0.100000 0.472221 0.881480 0.000000
-3.821883 -3.027415 0.000000 -0.393919 0.919145 0.000000
-4.233419 -3.203788 0.000000 -0.393919 0.919145 0.000000
-4.233419 -3.203788 0.100000 -0.393919 0.919145 0.000000
-3.821883 -3.027415 0.100000 -0.393919 0.919145 0.000000
-1.588538 -2.559743 0.000000 0.999999 0.001058 0.000000
-1.606496 14.421802 0.000000 0.999999 0.001058 0.000000
-1.606496 14.421802 0.100000 0.999999 0.001058 0.000000
-1.588538 -2.559743 0.100000 0.999999 0.001058 0.000000
-3.588191 30.524601 0.000000 -0.999999 -0.001094 -0.000000
-3.570580 14.421802 0.000000 -0.999999 -0.001094 -0.000000
-3.570580 14.421802 0.100000 -0.999999 -0.001094 -0.000000
-3.588191 30.524601 0.100000 -0.999999 -0.001094 0.000000
7.723615 -1.766337 0.000000 0.907960 -0.419058 0.000000
8.400886 -0.298915 0.000000 0.907960 -0.419058 0.000000
8.400886 -0.298915 0.100000 0.907960 -0.419058 0.000000
7.723615 -1.766337 0.100000 0.907960 -0.419058 0.000000
-11.852963 -10.109950 0.000000 -0.502894 -0.864348 -0.000000
-10.559562 -10.862475 0.000000 -0.502894 -0.864348 -0.000000
-10.559562 -10.862475 0.100000 -0.502894 -0.864348 -0.000000
-11.852963 -10.109950 0.100000 -0.502894 -0.864348 0.000000
-4.233419 -3.203788 0.000000 -0.174147 0.984720 0.000000
-10.328079 -4.281622 0.000000 -0.174147 0.984720 0.000000
-10.328079 -4.281622 0.100000 -0.174147 0.984720 0.000000
-4.233419 -3.203788 0.100000 -0.174147 0.984720 0.000000
5.295118 20.474525 0.000000 -0.478850 0.877897 0.000000
4.935841 20.278557 0.000000 -0.478850 0.877897 0.000000
4.935841 20.278557 0.100000 -0.478850 0.877897 0.000000
5.295118 20.474525 0.100000 -0.478850 0.877897 0.000000
7.497858 1.591801 0.000000 -0.820606 0.571494 0.000000
6.397291 0.011500 0.000000 -0.820606 0.571494 0.000000
6.397291 0.011500 0.100000 -0.820606 0.571494 0.000000
7.497858 1.591801 0.100000 -0.820606 0.571494 0.000000
-8.701769 -9.663140 0.000000 0.132164 0.991228 0.000000
-9.760005 -9.522042 0.000000 0.132164 0.991228 0.000000
-9.760005 -9.522042 0.100000 0.132164 0.991228 0.000000
-8.701769 -9.663140 0.100000 0.132164 0.991228 0.000000
-10.014527 -6.064946 0.000000 0.211267 -0.977428 0.000000
-2.489289 -4.438397 0.000000 0.211267 -0.977428 0.000000
-2.489289 -4.438397 0.100000 0.211267 -0.977428 0.000000
-10.014527 -6.064946 0.100000 0.211267 -0.977428 0.000000
4.935841 20.278557 0.000000 -0.200824 0.979627 0.000000
1.669680 19.608994 0.000000 -0.200824 0.979627 0.000000
1.669680 19.608994 0.100000 -0.200824 0.979627 0.000000
4.935841 20.278557 0.100000 -0.200824 0.979627 0.000000
-1.606496 14.421802 0.000000 0.999991 -0.004122 0.000000
-1.540120 30.524601 0.000000 0.999991 -0.004122 0.000000
-1.540120 30.524601 0.100000 0.999991 -0.004122 0.000000
-1.606496 14.421802 0.100000 0.999991 -0.004122 0.000000
8.639970 2.436954 0.000000 -0.594838 0.803845 0.000000
7.497858 1.591801 0.000000 -0.594838 0.803845 0.000000
7.497858 1.591801 0.100000 -0.594838 0.803845 0.000000
8.639970 2.436954 0.100000 -0.594838 0.803845 0.000000
-1.666215 -3.223385 0.000000 0.993220 -0.116253 0.000000
-1.588538 -2.559743 0.000000 0.993220 -0.116253 0.000000
-1.588538 -2.559743 0.100000 0.993220 -0.116253 0.000000
-1.666215 -3.223385 0.100000 0.993220 -0.116253 0.000000
2.584204 18.139221 0.000000 0.240764 -0.970584 0.000000
6.797552 19.184391 0.000000 0.240764 -0.970584 0.000000
6.797552 19.184391 0.100000 0.240764 -0.970584 0.000000
2.584204 18.139221 0.100000 0.240764 -0.970584 0.000000
-10.559562 -10.862475 0.000000 -0.162516 -0.986706 -0.000000
-8.560671 -11.191705 0.000000 -0.162516 -0.986706 -0.000000
-8.560671 -11.191705 0.100000 -0.162516 -0.986706 -0.000000
-10.559562 -10.862475 0.100000 -0.162516 -0.986706 0.000000
-1.940573 -3.928876 0.000000 0.932005 -0.362446 0.000000
-1.666215 -3.223385 0.000000 0.932005 -0.362446 0.000000
-1.666215 -3.223385 0.100000 0.932005 -0.362446 0.000000
-1.940573 -3.928876 0.100000 0.932005 -0.362446 0.000000
7.728410 19.772301 0.000000 0.996358 -0.085269 0.000000
7.808435 20.707390 0.000000 0.996358 -0.085269 0.000000
7.808435 20.707390 0.100000 0.996358 -0.085269 0.000000
7.728410 19.772301 0.100000 0.996358 -0.085269 0.000000
8.400886 -0.298915 0.000000 0.641268 -0.767317 0.000000
10.083743 1.107495 0.000000 0.641268 -0.767317 0.000000
10.083743 1.107495 0.100000 0.641268 -0.767317 0.000000
8.400886 -0.298915 0.100000 0.641268 -0.767317 0.000000
5.315538 -6.638933 0.000000 -0.210896 0.977509 0.000000
-8.701769 -9.663140 0.000000 -0.210896 0.977509 0.000000
-8.701769 -9.663140 0.100000 -0.210896 0.977509 0.000000
5.315538 -6.638933 0.100000 -0.210896 0.977509 0.000000
-2.489289 -4.438397 0.000000 0.680451 -0.732794 0.000000
-1.940573 -3.928876 0.000000 0.680451 -0.732794 0.000000
-1.940573 -3.928876 0.100000 0.680451 -0.732794 0.000000
-2.489289 -4.438397 0.100000 0.680451 -0.732794 0.000000
6.797552 19.184391 0.000000 0.533993 -0.845489 0.000000
7.728410 19.772301 0.000000 0.533993 -0.845489 0.000000
7.728410 19.772301 0.100000 0.533993 -0.845489 0.000000
6.797552 19.184391 0.100000 0.533993 -0.845489 0.000000
-1.540120 30.524601 0.000000 0.485648 -0.874155 0.000000
-1.101249 30.768421 0.000000 0.485648 -0.874155 0.000000
-1.101249 30.768421 0.100000 0.485648 -0.874155 0.000000
-1.540120 30.524601 0.100000 0.485648 -0.874155 0.000000
9.097363 3.134998 0.000000 -0.836432 0.548071 0.000000
8.639970 2.436954 0.000000 -0.836432 0.548071 0.000000
8.639970 2.436954 0.100000 -0.836432 0.548071 0.000000
9.097363 3.134998 0.100000 -0.836432 0.548071 0.000000
6.058656 -2.076755 0.000000 -0.996241 -0.086630 -0.000000
6.284413 -4.672963 0.000000 -0.996241 -0.086630 -0.000000
6.284413 -4.672963 0.100000 -0.996241 -0.086630 -0.000000
6.058656 -2.076755 0.100000 -0.996241 -0.086630 0.000000
-10.771211 -6.582494 0.000000 0.564548 -0.825400 0.000000
-10.014527 -6.064946 0.000000 0.564548 -0.825400 0.000000
-10.014527 -6.064946 0.100000 0.564548 -0.825400 0.000000
-10.771211 -6.582494 0.100000 0.564548 -0.825400 0.000000
3 0 1 2
3 1 3 2
3 1 4 3
3 4 5 3
3 4 6 5
3 6 7 5
3 6 8 7
3 6 9 8
3 4 10 6
3 4 11 10
3 6 12 9
3 9 13 8
3 9 14 13
3 14 15 13
3 14 16 15
3 16 17 15
3 16 18 17
3 16 19 18
3 14 20 16
3 19 21 18
3 19 22 21
3 19 23 22
3 19 24 23
3 24 25 23
3 24 26 25
3 2 27 0
3 2 28 27
3 28 29 27
3 28 30 29
3 28 31 30
3 2 32 28
3 32 33 28
3 31 34 30
3 34 35 30
3 34 36 35
3 36 37 35
3 36 38 37
3 38 39 37
3 38 40 39
3 40 41 39
3 40 42 41
3 42 43 41
3 42 44 43
3 44 45 43
3 44 46 45
3 47 48 49
3 47 49 50
3 51 50 52
3 46 51 52
3 26 53 25
3 46 52 45
3 51 47 50
3 48 54 49
3 48 55 54
3 55 56 54
3 55 57 56
3 57 58 56
3 58 59 56
3 58 60 59
3 60 61 59
3 60 62 61
3 60 26 62
3 60 53 26
3 50 63 52
3 64 65 66
3 66 65 67
3 66 67 68
3 68 67 69
3 68 69 70
3 70 69 71
3 70 71 72
3 70 72 73
3 68 70 74
3 68 74 75
3 70 73 76
3 73 72 77
3 73 77 78
3 78 77 79
3 78 79 80
3 80 79 81
3 80 81 82
3 80 82 83
3 78 80 84
3 83 82 85
3 83 85 86
3 83 86 87
3 83 87 88
3 88 87 89
3 88 89 90
3 65 64 91
3 65 91 92
3 92 91 93
3 92 93 94
3 92 94 95
3 65 92 96
3 96 92 97
3 95 94 98
3 98 94 99
3 98 99 100
3 100 99 101
3 100 101 102
3 102 101 103
3 102 103 104
3 104 103 105
3 104 105 106
3 106 105 107
3 106 107 108
3 108 107 109
3 108 109 110
3 111 112 113
3 111 114 112
3 115 116 114
3 110 116 115
3 90 89 117
3 110 109 116
3 115 114 111
3 113 112 118
3 113 118 119
3 119 118 120
3 119 120 121
3 121 120 122
3 122 120 123
3 122 123 124
3 124 123 125
3 124 125 126
3 124 126 90
3 124 90 117
3 114 116 127
3 128 129 130
3 128 130 131
3 132 133 134
3 132 134 135
3 136 137 138
3 136 138 139
3 140 141 142
3 140 142 143
3 144 145 146
3 144 146 147
3 148 149 150
3 148 150 151
3 152 153 154
3 152 154 155
3 156 157 158
3 156 158 159
3 160 161 162
3 160 162 163
3 164 165 166
3 164 166 167
3 168 169 170
3 168 170 171
3 172 173 174
3 172 174 175
3 176 177 178
3 176 178 179
3 180 181 182
3 180 182 183
3 184 185 186
3 184 186 187
3 188 189 190
3 188 190 191
3 192 193 194
3 192 194 195
3 196 197 198
3 196 198 199
3 200 201 202
3 200 202 203
3 204 205 206
3 204 206 207
3 208 209 210
3 208 210 211
3 212 213 214
3 212 214 215
3 216 217 218
3 216 218 219
3 220 221 222
3 220 222 223
3 224 225 226
3 224 226 227
3 228 229 230
3 228 230 231
3 232 233 234
3 232 234 235
3 236 237 238
3 236 238 239
3 240 241 242
3 240 242 243
3 244 245 246
3 244 246 247
3 248 249 250
3 248 250 251
3 252 253 254
3 252 254 255
3 256 257 258
3 256 258 259
3 260 261 262
3 260 262 263
3 264 265 266
3 264 266 267
3 268 269 270
3 268 270 271
3 272 273 274
3 272 274 275
3 276 277 278
3 276 278 279
3 280 281 282
3 280 282 283
3 284 285 286
3 284 286 287
3 288 289 290
3 288 290 291
3 292 293 294
3 292 294 295
3 296 297 298
3 296 298 299
3 300 301 302
3 300 302 303
3 304 305 306
3 304 306 307
3 308 309 310
3 308 310 311
3 312 313 314
3 312 314 315
3 316 317 318
3 316 318 319
3 320 321 322
3 320 322 323
3 324 325 326
3 324 326 327
3 328 329 330
3 328 330 331
3 332 333 334
3 332 334 335
3 336 337 338
3 336 338 339
3 340 341 342
3 340 342 343
3 344 345 346
3 344 346 347
3 348 349 350
3 348 350 351
3 352 353 354
3 352 354 355
3 356 357 358
3 356 358 359
3 360 361 362
3 360 362 363
3 364 365 366
3 364 366 367
3 368 369 370
3 368 370 371
3 372 373 374
3 372 374 375
3 376 377 378
3 376 378 379
3 380 381 382
3 380 382 383
